serialirr
2997
4791
4727
5055
5374
5266
5242
5414
5601
5584
5678
5694
5797
5865
5912
6003
6070
6168
6266
6361
6502
6548
6646
6805
6798
6950
6882
7138
7093
7327
7177
7347
serial
3161
4706
5076
5347
5641
5490
5568
5654
5799
5792
5958
5944
6052
6062
6216
6202
6331
6388
6523
6579
6667
6760
6862
6867
7038
6993
7409
7377
7153
7323
7583
7310
gl_wt
3156
1631
1145
883
1071
1044
973
1098
1102
1183
1203
1341
1261
1292
1419
1288
1427
1426
1324
1471
1714
1743
1707
1770
1661
1707
1862
1723
2034
2030
1782
2024
ml_wt
4321
2270
1542
1158
1264
1334
1322
1486
1359
1599
1499
1389
1687
1607
1564
1601
1698
1601
1838
1881
1870
2055
2043
2254
1972
2089
1826
2022
2088
2249
2141
2185
