1
serialirr
2468
1328
850
730
766
793
668
722
637
734
638
716
668
657
666
639
674
670
666
714
675
692
624
671
684
639
662
703
654
678
668
629
serial
2486
1250
841
690
776
682
684
655
641
680
676
669
665
629
652
679
666
673
686
632
654
693
637
656
645
646
620
669
684
633
674
657
gl_wt
2451
1246
880
694
787
722
663
690
677
671
639
638
601
664
627
578
654
576
620
703
617
721
606
657
665
600
676
747
677
665
655
656
ml_wt
2496
1320
855
716
746
824
680
679
672
727
668
747
743
682
640
691
700
707
690
695
672
655
659
730
677
660
656
628
693
705
671
680
2
serialirr
3304
4746
5258
5543
5576
5729
5576
5898
5987
6027
5829
5996
6255
6312
6125
6566
6368
6510
6568
6906
6921
7023
6810
7091
7028
7279
7188
7249
7501
7487
7587
8045
serial
3558
5407
5624
5895
6125
5947
6298
6183
6494
6410
6465
6658
6542
6825
6708
7020
7038
7094
7248
7375
7448
7670
7537
7492
7730
7727
7972
7804
8378
8014
8189
8616
gl_wt
4009
2347
1814
1648
2921
3262
3875
4526
5731
5783
5931
6494
7481
7761
8395
9929
9123
9049
9070
8858
9669
9502
10066
9806
11225
10730
11655
11232
12517
12473
12177
12714
ml_wt
4987
3196
2369
1891
3284
4104
4793
5295
5893
6118
7158
7877
8579
9098
9424
9659
9616
9877
11047
10039
10784
11199
11441
11813
12010
11922
13409
13018
13888
14312
15297
16730
3
serialirr
3032
4820
4962
5145
5218
5365
5503
5626
5790
5865
5865
6132
6055
6098
6243
6324
6452
6503
6695
6720
6794
6811
7042
7204
7133
7473
7077
7378
7379
7462
7604
7630
serial
3489
5530
5571
5797
6048
6295
6219
6349
6430
6608
6734
6797
6875
6893
6994
7139
7154
7180
7326
7474
7613
7598
7672
7641
7725
7832
8043
7927
8237
8098
8477
8445
gl_wt
3598
2405
1972
1764
3511
5014
5900
7713
8587
10537
10969
11232
12700
12521
13410
13646
15094
13763
14466
14182
14876
15782
14823
15788
17948
18241
16937
18667
18799
20312
19807
20639
ml_wt
5110
4105
3415
3105
5543
6929
8472
9646
11273
12615
13919
14321
16441
17231
18436
18504
19166
20221
19151
19015
19722
19916
20659
20757
23527
22923
23310
24364
25237
25119
25202
27479

